0 1001
150 1000
300 1000
450 1000
600 1000
750 1000
900 1000
1050 1000
1200 1000
1350 1000
1500 1000
1650 1000
1800 1010
1950 1001
2100 1001
2250 1001
2400 1001
2550 1001
2700 1000
2850 1001
3000 1000
3150 1000
3300 1000
3450 1001
3600 1000
3750 1001
3900 1001
4050 1001
4200 1001
4350 1001
4500 1001
4650 1001
4800 1001
4950 1010
5100 1010
5250 1010
5400 1010
5550 1010
5700 1010
5850 1010
6000 1010
6150 1010
6300 1010
6450 1010
6600 1010
6750 1010
6900 1000
7050 1010
7200 1010
7350 1000
7500 1000
7650 1000
7800 1000
7950 1000
8100 1010
8250 1000
8400 1001
8550 1000
8700 1001
8850 1000
9000 1000
9150 1000
9300 1000
9450 1001
9600 1001
9750 1000
9900 1010
10050 1010
10200 1001
10350 1000
10500 1001
10650 1000
