pos_x,pos_y,pos_z,best_before_time,score_upon_completion,meet_radius
291.442 9.359 498.816 2000 50 5.0
323.667 9.359 506.033 5000 50 5.0
333.561 9.359 529.901 6000 50 10.0
326.497 9.359 578.926 7500 50 5.0
286.591 9.359 592.179 8500 15 5.0
242.488 9.359 607.641 9500 75 10.0
287.404 9.359 622.989 11000 75 10.0
339.358 9.373 492.388 99999 -100 5.0
343.526 9.373 590.373 99999 -100 5.0
280.061 9.374 635.631 99999 -100 2.0
295.408 9.374 635.632 99999 -100 2.0
311.252 9.374 635.632 99999 -100 2.0
327.313 9.373 635.630 99999 -100 2.0
343.622 9.373 635.630 99999 -100 2.0
279.846 9.374 612.372 99999 -100 2.0
295.781 9.374 612.369 99999 -100 2.0
311.252 9.374 612.370 99999 -100 2.0
327.313 9.374 612.370 99999 -100 2.0
343.622 9.373 635.630 99999 -100 2.0