pos_x,pos_y,pos_z,best_before_time,score_upon_completion,meet_radius
222.948 88.020 696.947 4000 100 5.0
302.873 88.014 734.374 6000 150 10.0 
413.185 88.014 726.176 9000 150 10.0
468.527 88.014 703.920 10000 150 7.5
736.351 24.014 688.746 15000 100 12.5
928.998 24.014 669.181 17000 150 10.0
976.004 24.014 529.892 19000 100 12.5
958.250 24.014 304.331 99999 -9000 2.0
995.019 24.014 304.454 99999 -9000 2.0
943.213 24.014 230.358 21000 150 10.0
640.025 24.012 175.857 27000 200 12.5
592.286 39.889 176.315 28000 100 7.5
560.941 55.571 176.138 29000 100 5.0
540.391 65.848 176.183 30000 100 5.0
240.317 112.014 176.143 33000 50 15.0
167.261 112.014 176.049 35000 100 12.5
97.101 112.014 175.957 36000 100 7.5
65.834 112.014 176.008 37000 100 5.0
348.716 88.014 740.932 8500 100 5.0
575.711 72.003 687.968 13000 100 10.0