0 1000
150 1000
300 1000
450 1000
600 1000
750 1000
900 1001
1050 1000
1200 1000
1350 1000
1500 1000
1650 1000
1800 1000
1950 1000
2100 1000
2250 1000
2400 1001
2550 1000
2700 1000
2850 1000
3000 1000
3150 1000
3300 1000
3450 1000
3600 1010
3750 1000
3900 1000
4050 1001
4200 1000
4350 1001
4500 1000
4650 1000
4800 1010
4950 1010
5100 1010
5250 1010
5400 1010
5550 1010
5700 1010
5850 1010
6000 1000
6150 1000
6300 1000
6450 1001
6600 1001
6750 1000
6900 1001
7050 1000
7200 1000
7350 1001
7500 1000
7650 1001
7800 1000
7950 1000
8100 1000
8250 1001
8400 1000
8550 1000
8700 1000
8850 1000
9000 1010
9150 1000
9300 1010
9450 1000
9600 1000
9750 1000
9900 1000
10050 1010
10200 1000
10350 1010
10500 1010
10650 1000
10800 1000
10950 1000
11100 1000
11250 1000
11400 1000
11550 1001
11700 1001
11850 1001
12000 1000
12150 1001
12300 1000
12450 1000
12600 1010
12750 1010
12900 1000
13050 1000
13200 1000
13350 1010
13500 1010
13650 1000
13800 1000
