0 1000
150 1000
300 1000
450 1000
600 1000
750 1001
900 1000
1050 1000
1200 1000
1350 1000
1500 1000
1650 1000
1800 1000
1950 1000
2100 1000
2250 1000
2400 1001
2550 1001
2700 1000
2850 1001
3000 1000
3150 1001
3300 1001
3450 1001
3600 1001
3750 1001
3900 1001
4050 1010
4200 1001
4350 1001
4500 1001
4650 1001
4800 1001
4950 1001
5100 1000
5250 1010
5400 1000
5550 1010
5700 1000
5850 1001
6000 1010
6150 1010
6300 1010
6450 1000
6600 1001
6750 1010
6900 1010
7050 1000
7200 1010
7350 1001
7500 1010
7650 1010
7800 1000
7950 1001
8100 1000
8250 1010
8400 1000
8550 1000
8700 1001
8850 1010
9000 1010
9150 1001
9300 1001
9450 1000
9600 1000
9750 1000
9900 1010
10050 1010
10200 1000
10350 1001
10500 1010
10650 1010
10800 1000
10950 1001
11100 1001
11250 1001
11400 1001
11550 1010
11700 1001
11850 1000
12000 1010
12150 1000
12300 1000
12450 1000
12600 1001
12750 1000
12900 1001
13050 1010
13200 1000
13350 1000
13500 1001
13650 1000
13800 1000
13950 1010
14100 1010
